METER_NO	Value
4225	1
4225	10
4225	9
4229	1
4229	10
4229	9
4039	2
5371	3
4269	4
4269	10
4268	4
4268	10
4268	9
4271	4
4271	10
4271	9
4689	8
4212	6
4212	10
4212	9
5139	7
5140	7
5141	7
5142	7
5415	7
4200	7
4200	10
4200	9
4201	7
4201	10
4201	9
4202	7
4202	10
4202	9
4203	7
4203	10
4203	9
4204	7
4204	10
4204	9
4205	7
4205	10
4205	9
4238	7
4238	10
4238	9
4244	7
4244	10
4244	9
4008	8
4009	8
4010	8
4016	8
4022	8
4023	8
4024	8
4049	8
4050	8
4065	8
4068	8
4069	8
4070	8
4078	8
4084	8
4186	8
4187	8
4188	8
4210	8
4245	8
4259	8
4280	8
4287	8
4288	8
4289	8
4295	8
4296	8
4297	8
4299	8
4301	8
4302	8
4303	8
4305	8
4306	8
4307	8
4308	8
4309	8
4310	8
4311	8
4312	8
4313	8
4314	8
4315	8
4316	8
4318	8
4319	8
4322	8
4323	8
4324	8
4325	8
4326	8
4327	8
4328	8
4329	8
4330	8
4331	8
4332	8
4337	8
4338	8
4345	8
4346	8
4369	8
4370	8
4371	8
4375	8
4385	8
4386	8
4389	8
4394	8
4403	8
4404	8
4405	8
4406	8
4407	8
4408	8
4409	8
4410	8
4411	8
4412	8
4413	8
4414	8
4415	8
4417	8
4418	8
4419	8
4420	8
4430	8
4431	8
4432	8
4440	8
4448	8
4449	8
4452	8
4453	8
4454	8
4455	8
4456	8
4459	8
4460	8
4461	8
4463	8
4464	8
4466	8
4467	8
4470	8
4471	8
4473	8
4481	8
4482	8
4486	8
4487	8
4489	8
4499	8
4502	8
4503	8
4504	8
4509	8
4510	8
4511	8
4515	8
4516	8
4517	8
4518	8
4519	8
4521	8
4524	8
4525	8
4526	8
4535	8
4542	8
4543	8
4548	8
4551	8
4552	8
4554	8
4556	8
4557	8
4559	8
4560	8
4561	8
4562	8
4574	8
4585	8
4586	8
4588	8
4589	8
4590	8
4591	8
4595	8
4599	8
4602	8
4603	8
4611	8
4612	8
4617	8
4618	8
4619	8
4621	8
4633	8
4634	8
4635	8
4636	8
4641	8
4642	8
4643	8
4645	8
4653	8
4654	8
4661	8
4669	8
4680	8
4681	8
4685	8
4687	8
4690	8
4692	8
4695	8
4698	8
4700	8
4710	8
4712	8
4715	8
4718	8
4720	8
4725	8
4726	8
4727	8
4728	8
4729	8
4733	8
4735	8
4737	8
4738	8
4739	8
4740	8
4741	8
4742	8
4743	8
4745	8
4746	8
4748	8
4749	8
4809	8
4810	8
4812	8
4813	8
4815	8
4816	8
4817	8
4818	8
4819	8
4820	8
4821	8
4822	8
4823	8
4824	8
4825	8
4826	8
4827	8
4828	8
4829	8
4830	8
4831	8
4832	8
4833	8
4834	8
4835	8
4836	8
4837	8
4838	8
4839	8
4844	8
4846	8
4847	8
4848	8
4849	8
4850	8
4853	8
4854	8
4855	8
4856	8
4857	8
4858	8
4859	8
4860	8
4861	8
4871	8
4873	8
4874	8
4875	8
4876	8
4877	8
5002	8
5003	8
5018	8
5021	8
5026	8
5028	8
5031	8
5032	8
5034	8
5042	8
5044	8
5045	8
5046	8
5047	8
5050	8
5051	8
5052	8
5062	8
5063	8
5065	8
5066	8
5068	8
5069	8
5070	8
5071	8
5073	8
5074	8
5077	8
5080	8
5081	8
5084	8
5085	8
5088	8
5093	8
5094	8
5098	8
5101	8
5103	8
5126	8
5127	8
5128	8
5129	8
5144	8
5150	8
5159	8
5161	8
5162	8
5164	8
5165	8
5169	8
5170	8
5171	8
5172	8
5189	8
5190	8
5191	8
5192	8
5193	8
5194	8
5197	8
5198	8
5199	8
5200	8
5241	8
5264	8
5300	8
5349	8
5360	8
5364	8
5365	8
5400	8
5401	8
5403	8
5404	8
5405	8
5406	8
5408	8
5409	8
5410	8
5411	8
5412	8
5413	8
5414	8
5422	8
5425	8
5432	8
5451	8
5452	8
5460	8
5604	8
5605	8
5607	8
5608	8
5609	8
5610	8
5611	8
5612	8
5613	8
5614	8
4179	8
4179	9
4180	8
4180	10
4180	9
4181	8
4181	10
4181	9
4182	8
4182	10
4182	9
4183	8
4183	10
4183	9
4199	8
4199	10
4199	9
4209	8
4209	10
4209	9
4213	8
4213	10
4213	9
4224	8
4224	10
4224	9
4226	8
4226	10
4226	9
4230	8
4230	10
4230	9
4231	8
4231	10
4231	9
4232	8
4232	10
4232	9
4234	8
4234	10
4234	9
4237	8
4237	10
4237	9
4246	8
4246	10
4246	9
4247	8
4247	10
4247	9
4248	8
4248	10
4248	9
4249	8
4249	10
4249	9
4250	8
4250	10
4250	9
4253	8
4253	10
4253	9
4257	8
4257	10
4257	9
4261	8
4261	10
4261	9
4262	8
4262	10
4262	9
4263	8
4263	10
4263	9
4266	8
4266	10
4266	9
4267	8
4267	10
4267	9
4275	8
4275	10
4275	9
4277	8
4277	10
4277	9
4278	8
4278	10
4278	9
4281	8
4281	10
4281	9
4282	8
4282	10
4282	9
4283	8
4283	10
4283	9
4284	8
4284	10
4284	9
4285	8
4285	10
4285	9
4286	8
4286	10
4286	9
4290	8
4290	10
4290	9
4291	8
4291	10
4291	9
4293	8
4293	10
4293	9
4363	8
4363	10
4363	9
4364	8
4364	10
4364	9
4365	8
4365	10
4365	9
4366	8
4366	10
4366	9
4368	8
4368	10
4368	9
4373	8
4373	10
4373	9
4374	8
4374	10
4374	9
4376	8
4376	10
4376	9
4377	8
4377	10
4377	9
4380	8
4380	10
4380	9
4381	8
4381	10
4381	9
4382	8
4382	10
4382	9
4383	8
4383	10
4383	9
4384	8
4384	10
4384	9
4387	8
4387	10
4387	9
4388	8
4388	10
4388	9
4390	8
4390	10
4390	9
4392	8
4392	10
4392	9
4393	8
4393	10
4393	9
4395	8
4395	10
4395	9
4396	8
4396	10
4396	9
4397	8
4397	10
4397	9
4399	8
4399	10
4399	9
4400	8
4400	10
4400	9
4401	8
4401	10
4401	9
4402	8
4402	10
4402	9
4416	8
4416	10
4416	9
4492	8
4492	10
4492	9
4493	8
4493	10
4493	9
4494	8
4494	10
4494	9
4495	8
4495	10
4495	9
4496	8
4496	10
4496	9
4497	8
4497	10
4497	9
4596	8
4596	10
4596	9
4597	8
4597	10
4597	9
4598	8
4598	10
4598	9
4600	8
4600	10
4600	9
4601	8
4601	10
4601	9
4604	8
4604	10
4604	9
5015	8
5015	10
5015	9
5143	8
5143	10
5143	9
5145	8
5145	10
5145	9
5146	8
5146	10
5146	9
5147	8
5147	10
5147	9
5148	8
5148	10
5148	9
5149	8
5149	10
5149	9
5334	8
5334	10
5334	9
5335	8
5335	10
5335	9
5337	8
5337	10
5337	9
5339	8
5339	10
5339	9
5340	8
5340	10
5340	9
5341	8
5341	10
5341	9
5342	8
5342	10
5342	9
5343	8
5343	10
5343	9
5344	8
5344	10
5344	9
5345	8
5345	10
5345	9
5346	8
5346	10
5346	9
5347	8
5347	10
5347	9
5348	8
5348	10
5348	9
5353	8
5353	10
5353	9
5354	8
5354	10
5354	9
5355	8
5355	10
5355	9
5356	8
5356	10
5356	9
5368	8
5368	10
5368	9
5394	8
5394	10
5394	9
5395	8
5395	10
5395	9
5396	8
5396	10
5396	9
5397	8
5397	10
5397	9
5398	8
5398	10
5398	9
4064	11
4091	11
4095	11
4096	11
4097	11
4098	11
4639	11
4640	11
4648	11
4650	11
4651	11
4667	11
5202	12
4006	13
4012	13
4013	13
4014	13
4015	13
4017	13
4018	13
4019	13
4020	13
4021	13
4025	13
4026	13
4027	13
4028	13
4029	13
4030	13
4031	13
4032	13
4033	13
4034	13
4035	13
4037	13
4038	13
4040	13
4041	13
4043	13
4044	13
4045	13
4046	13
4051	13
4052	13
4053	13
4055	13
4056	13
4057	13
4058	13
4059	13
4060	13
4061	13
4062	13
4063	13
4071	13
4072	13
4073	13
4074	13
4075	13
4076	13
4077	13
4079	13
4080	13
4081	13
4082	13
4083	13
4085	13
4086	13
4087	13
4088	13
4089	13
4090	13
4092	13
4093	13
4334	13
4335	13
4339	13
4340	13
4341	13
4342	13
4343	13
4344	13
4347	13
4348	13
4349	13
4359	13
4421	13
4425	13
4426	13
4427	13
4428	13
4429	13
4433	13
4435	13
4436	13
4437	13
4438	13
4439	13
4441	13
4442	13
4443	13
4444	13
4445	13
4446	13
4447	13
4458	13
4469	13
4474	13
4480	13
4483	13
4488	13
4490	13
4491	13
4501	13
4507	13
4513	13
4514	13
4528	13
4529	13
4530	13
4531	13
4532	13
4533	13
4534	13
4536	13
4537	13
4539	13
4540	13
4541	13
4544	13
4546	13
4549	13
4550	13
4555	13
4563	13
4564	13
4565	13
4566	13
4567	13
4568	13
4569	13
4570	13
4571	13
4572	13
4573	13
4575	13
4576	13
4577	13
4578	13
4579	13
4580	13
4581	13
4582	13
4583	13
4593	13
4594	13
4605	13
4606	13
4608	13
4609	13
4613	13
4615	13
4625	13
4629	13
4630	13
4631	13
4632	13
4637	13
4649	13
4657	13
4658	13
4659	13
4660	13
4662	13
4664	13
4666	13
4672	13
4673	13
4674	13
4675	13
4676	13
4677	13
4678	13
4679	13
4682	13
4686	13
4691	13
4693	13
4694	13
4696	13
4697	13
4716	13
4730	13
4731	13
4732	13
4734	13
4736	13
4800	13
4801	13
4802	13
4803	13
4804	13
4805	13
4806	13
4807	13
4808	13
4845	13
4870	13
5000	13
5001	13
5005	13
5006	13
5008	13
5010	13
5011	13
5012	13
5013	13
5014	13
5016	13
5017	13
5019	13
5020	13
5022	13
5024	13
5025	13
5029	13
5033	13
5035	13
5036	13
5038	13
5039	13
5040	13
5041	13
5043	13
5049	13
5053	13
5054	13
5055	13
5056	13
5057	13
5058	13
5059	13
5060	13
5067	13
5075	13
5082	13
5087	13
5089	13
5090	13
5095	13
5097	13
5099	13
5100	13
5104	13
5105	13
5106	13
5107	13
5108	13
5109	13
5110	13
5111	13
5112	13
5113	13
5114	13
5115	13
5117	13
5118	13
5120	13
5121	13
5122	13
5124	13
5130	13
5131	13
5132	13
5133	13
5134	13
5135	13
5136	13
5138	13
5176	13
5179	13
5180	13
5181	13
5182	13
5184	13
5185	13
5188	13
5196	13
5201	13
5203	13
5205	13
5206	13
5208	13
5209	13
5210	13
5211	13
5213	13
5214	13
5215	13
5216	13
5217	13
5218	13
5219	13
5220	13
5221	13
5223	13
5224	13
5225	13
5226	13
5229	13
5230	13
5231	13
5232	13
5233	13
5234	13
5235	13
5236	13
5238	13
5240	13
5243	13
5244	13
5357	13
5361	13
5362	13
5363	13
5366	13
5375	13
5377	13
5378	13
5379	13
5381	13
5382	13
5383	13
5388	13
5389	13
5390	13
5391	13
5393	13
5416	13
5417	13
5420	13
5423	13
5424	13
5427	13
5430	13
5450	13
5453	13
5454	13
5618	13
5619	13
5620	13
5622	13
5625	13
5626	13
5627	13
5628	13
5630	13
5631	13
5632	13
5634	13
5635	13
5637	13
5639	13
4054	14
5173	14
5392	14
4215	15
4215	10
4215	9
4216	15
4216	10
4216	9
4007	16
4036	16
4066	16
4067	16
4196	16
4197	16
4217	16
4358	16
4360	16
4361	16
4372	16
4512	16
4522	16
4607	16
4610	16
4622	16
4623	16
4655	16
4656	16
4665	16
4670	16
4671	16
4683	16
4701	16
4702	16
5004	16
5163	16
4362	16
4362	5
4362	9
4379	16
4379	5
4379	9
4220	16
4220	10
4220	9
4228	16
4228	10
4228	9
4264	16
4264	10
4264	9
4272	16
4272	10
4272	9
4273	16
4273	10
4273	9
4274	16
4274	10
4274	9
4276	16
4276	10
4276	9
4292	16
4292	10
4292	9
4351	16
4351	10
4350	16
4350	10
4350	9
4352	16
4352	10
4352	9
4353	16
4353	10
4353	9
4354	16
4354	10
4354	9
4355	16
4355	10
4355	9
4356	16
4356	10
4356	9
4357	16
4357	10
4357	9
4094	17
4644	17
4646	17
4647	17
4652	17
4668	17
4688	17
5350	18
5455	18
5167	19
4255	19
4255	10
4255	9
